Psovke ipogrde. Klevetnici, Lahke ozlede. lzgredii smumje. LXVII

za 011111 put dvie marke, a za 11011, pet 11313130; 3 13 1011111 11310
0110011 10 13 1311111 1 11011 mu 1100001 ; 1111111101011 1130111
11101, 13 11111 put 1100111013 131011001010113131, 13 01111 put 11
111 pense dinarah‚ 13110111310111101130; 3 1310101101111011 oplienit
10 13 111111ι; 10 0100 11 imao, 110 01 mu 1011011013111101111, to da
13113110 00101 0113130 0011000, 1011 01 1110130 11131111, 0011001 10031
031 ιι 11301110 1311111030 1 0313111110. 001100111130311 13111101, 01·
1310 101 110110 110113, 113111111οῃ1 bo trpljeli su 11111, 1130 110011.

Klevetnici t. j. ljudi‚ 101101 13110 1013 01111111 1010101 03 10
1011011010 01010 111110111 11011110, 1303 im se pred sudom svjedoci
00131310,0113οιι 13111011 prema 13110111 0100011011111101010; 13
1131101101131011 1100011, 3 131013 1311113113 11003 11101113 10 013-
00101111011101131ι;131010 11310111 10110 1101010 0010011110 113113
01113 1101131 113013111ὶο 1113130 111101 11 11303.

Νο11Ρο131 6111011, 101131 11 11310103, 01010 111 puta 1310101,
031001101013011301310Ρο1135101113, 0111013 11003, 1013101113 .
{aroniaea i 010111 0011111. 11303 111 10 1101013 00131313,1110030 ga
11311011111010111301101 001111, 3 013 13 030113 ιι 13111101, 001 mu
sud 11101013111101113111.1101131ὲί 1310 111 mu (33111001301, iz·
1011013101 11301110 001110, 1013 13 111103 111111131113111100, 001111
10 131101 111110 00101311 11001311010111311003111111(35.11131. 14551,
310 101011 Ρο131 611011 istu klevetu 01101110 111 01111011 11111011
00111111 11111001, 0310 131111 010010 11111111 001111, 03 13 13111; 10 10
1111011 111011011010010 predati, 011 10011111 1110113 11131111 svomu
vlastelinu 10100101 11313130 01131311, 3 011110 1101001οῐ 11301101 001111,
10110111, 310 11 01 11101010 1101010 110130 111111011 111 1011113013111
111 01013 001113, 03 10 podpunoma 1300111011111.1

[0111 ozlede. Glede 110 001001110 113113 01113 0131οε ,1111011
11010131113 11311 1101110, 111313 111110010101111 00101 1101130, au
1130111 01313111 110 dinarah; 10 110111311 11 10 00 1101013, 03 10
progna iz grada.“

Oizgredu ismutnji. Pod 111100011 111 1111111011 131111101313 10
10113113101, 11110110 11011111301010010 1311011303110 110. 13101111
1111001110111 001110 ,1010110 01 1011101α 1. 1. 110 0113101013 111100-
1113 11111111111103 1010, 03 sebe 001311, 1113110 01 11000 samo ucjenu
111100111013111013. 11301303 01 131010 111100111οἰ 1111311111 1101010011
1110131113 lieu i 1101101311 11 11303. 31101013100101 1111310131, 010-
0110, 310111013131010111100 1311011 0011010111111 111001111101
130 131101, da ih 1110 1101131311110 13101110101311110.

¹ Doc 182.

 

