CLVIII Δ Νο110001110 010110 crkva.

.-——-———----—-—-—--

Od 1000111011 01. 1110011110 0010011εο nam: Martin (¹4¹7) 1 (31010
’ (1481), koji 1111000 010000 0101100001 010100 011110, 10 1011οο 101101
01001000011010 0010110011οο1 10010 0010100 01011 11101000 0010100,
11011 10 011010 00010110 mnoge prebendarske 1 0110111010 0100100 1 11-
10001010000100110011011010 00010110, 10 10 1 0010100 001110.1

Νο1111110110 z'upna crkva 111. Ivana. 1100011101 g. ¹344· 1100101 za·
grebabki Novu ves 1 proglasiv gradjani nove 000011001101 0101001111
00010 1000, sagradio je ondje 1100 010101011οο 10110111 1 011110 01.
11000. (Vidi sv. 1. 011. CXLV—CL.) Ova ako 1 011000 011110 0 XV.
110110001101010101001100110 1100111010, 1101101 10 1 pomogla 0101101
11010101010,11000 1111011011 00110001 111001. 600100 110 1400, 11000 00
111011 Sigismund 001010οο 00 01010 10110110οο10 0011000110, 001001001
1111000 11001010 00111010100101111 10101 namet, 00, 01101110100 00, 00
00 0101110001001100111 1010010. Da se to uzmogne 0001011111, 100100
10 1100101 1001100, 810011 1 druge 1000 0001000110011011110001111001001
00 11001010, 0011 01001001 10010 00 00100101 kanonici iz svoga 00-
01101011, 00 1111000 00010, 100 100100110ου 10010 10101111 1110100 1101010
11 010100 011110. Α 11000 01 010 10 0110 0001010, 00 1000001110 0010-
100110 001110010οἰ0 u kaptolskoj 0010101111 3²0 101. 0 11010 0101101
283 101, 00 0000000 0001011110101001001, 0 10 0100010101( 00 ¹7 for.

’ 11001 000010101111 0100100 0 Ζο1010 00 1111010110, tetri 101101001001

0110 0100011000 0 10010011010101101010. Da 10000 011110 10 101 0000-
01001001001100 10100110, 000000 001010 zalog 0010100101001101
000011010 0101100010110 000100011οο 5011000101011 00 Ρ1011011010, 10
10000100110100110111101010110 0011010 00 011011 1101111, 0111100010 1
0011100110 000101001, 0110110101 00100 10 sebe 0000110000 0011110101οὴ,
’11011 111 00 00010 00001111 1 11010, 00010 00 000010, 101001 110 0001 30010011
001011 11000 00101, 00100110010 1 10, 0010001010 00 1101010100111010-
011111000110010101110000000 0000111ῐο 0000010 10001110 00101001000,
0 0111110 00 10000111 1100101011 00 11010 1000111 0010100111; 10 0110000,
0110 11 1110110100οοιο 00010100 1100101, 00 100 00 10 0100110 0011010,
Ι111111 10001110 1010110, to c'e 100 1100101 110101111 10 01111 083 101. 0
11010, 01100 101010100101 01001100, 10 100110 111 00 01111 10001010
11010000, 010 0010 0001001000 11110, 01001001101 111000001 001111 1111
sgradah i 1101011101 10 01001011 100000 10101000 01001101

00110 toga 101010 10 10000 011110 0 1101010 1001001101001 000010
101111 0100100 1 10000 0100011000, 10 11010 00 0101100 0101010 00111111 (1481)
s 01010000001010010,010 1010 0101100 11001010110 11110 0001101111.8

¹Doc. 325.
²Doc. 48.
³D0c. 325·

 

