Ulica Opatovina, c111

da 33311 3331 1333311, 1311 33 33331131, 33 33 33 33 33333 111 33
3113 3333333 3313313113 333111313 33 3333 3333313133, 3313 33333313333
11333 1333313113 333333133 1 3333133, 13 be se 33313311 133 1133-
133311, 13133331311113331133 33333133.1

1133311331133 3333 333 31133, »1313 13 1 3333333 333133 333133-
11313, 331131313333313311 1 331333, 3 to je 331313 133131, 133 313313
333111311133333333, 33 3. 1333333 3. 1478. 113133311113113311333331,
33313 13 333133 13333 33333333 313313 3333 33333133,133313331333113
33333133, 1313 13 331311113 3333313133 333131 333331, 33 33 33 1 1333
radi i 3 133113 1313111333 1 3 3131333 0333133 333111 3333313, 33 3333
133131 333331111 13 133333 31313 13 313333 33331111331313331313333333
radi, prema 3331 izreci: ,1331133333 1331333 33333, 33 133 311333
33 33 digne‘, to su i 331 33131111 13333 313 33333 333111313 33 133-
1313, 3313333133 33313, 1311 13 33133 33333313 3131313133 1313333131
11131133, 3 3333 13 31331313133133113, udove 333333 Β13Ξ3, 3 333333
1333 33333 3133333433 3313 1333133331333 333331333, 313311333133,
113 31311 133331313 33333 33 133313 333113 3333133313, 33333133133
33313 3333133313 1333 133 3 §irini 3313333113131313, 3 3311133 33131
scie do 333333 3133 331333 313333, 311 1313, 33 33 kanonici 33331
313133 3333331ῑί 33313 331333, 1311 33 33 131 13331331 111 31133.
03331331 1313 33333 13 3333 333133, 33331331133131 1 331333, 131131
33 mora upravljati. Ρ33313311333313 333133 33 (31331333 11333113
33333, 33 1333333 33313331331131 3331113 3313313113 13333313 33333
33133 1311333 33113 331333 1333333 33333, 1311 3333333131131
31133313 31333333 333111 3 333333 333 11131 3313333113 3 3331333113
1 1313113 3331333113. U 31331313 3313, kaoz 33313133,(333313133133311,
331333, 133313133 13331331, 33311 33 131133 1331313113 333333 311 3
3313363 31313 333133, 1 13 33313 331333 3 113333, 33 131113 3113 ze·
maljskim 3313333 3333331333 3131333333111. 13313 33 3 3331333113
1133313 3331333113, 3333 11 33333 33331, 3333 333113, 333333331133
3331313113 33333, 33133311 33 133131311 333 ; 33, 313 1311 31331333 13-
133311333 13113333313313133313311333, 111 31311 3313333331 ve&
osudi 333133133333333 prizove 33133131, 3131 33333313, 33 13 ob·
313311 33333 33333 33313 111 331313133311333 33133333 3113 33133-
131313 3331313, 1ο &e 133131 13133333 331313333 33331311 33 33313311
sud i da 31311333333311331131 313333 31333 3331331333 33333. 03
33333313 3133313, 33 3331331133333 133 333 31313, 3 133313313313131.
[13133311 33 3133133, (13 13313131133333 133 33133133, 3 33333 33-

133133 33313311333333 3313333131. 0333311333 3313313, 33 33313331
33113313 1 33 33331333 3333 3333 3333313333 333133 3313313333

ι1133. 307·

 

